122111967333410392
122111738793410392
122111647839410392
122111543745410392
122111466567410392
122111383029410392
122111315487410392
122111222313410392
122111147541410392
122111076411410392
122110979451410392
122110895091410392
122110851441410392
122110824669410392
122110741425410392
122110687965410392
122110664001410392
122110522293410392
122110499433410392
122110400187410392
122110349289410392
122110322007410392
122110238079410392
122110177653410392
122110158957410392
122110049109410392
122109969099410392
122109835689410392
122109825165410392
122109800199410392
122109713733410392
122109657411410392
122109625563410392
122109540975410392
122109505329410392
122109462621410392
122109352281410392
122109284637410392
122109252801410392
122109166755410392
122109107211410392
122109091545410392
122108962047410392
122108911713410392
122108832009410392
122108771343410392
122108739105410392
122108675691410392
122108584329410392
122108577987410392
122108475465410392
122108389083410392
122108357289410392
122108260707410392
122108175567410392
122108174613410392
122108068611410392
122107999827410392
122107972827410392
122107868937410392
122107797051410392
122107766907410392
122107673253410392
122107575501410392
122107556637410392
122107402659410392
122107373667410392
122107286253410392
122107182789410392
122107182177410392
122106984951410392
122106951039410392
122106738723410392
122106699459410392
122106570831410392
122106512901410392
122106490659410392
122106271971410392
122106271701410392
122106271101410392
122106104895410392
122106053595410392
122105886459410392
122105796849410392
122105612535410392
122105504157410392
122105185887410392
122105139705410392
122104835811410392
122104779549410392
122104639431410392
122104272321410392
122103933471410392
122103910419410392
122103803463410392
122103725931410392
